% operation time data

num_of_threads = [1 2 8 16 20];

%v3 Cilk times
v3_cilk_bg = [0.023 0.019 0.008 0.008 0.007];
v3_cilk_yt = [9.5 4.85 3.65 3.69 3.7];
v3_cilk_d10 = [0.13 0.094 0.04 0.03 0.027];
v3_cilk_m13 = [3.5 1.85 0.74 0.57 0.4];
v3_cilk_nc = [0.31 0.19 0.07 0.04 0.036];

%v3 OpenMP times
v3_omp_bg = [0.044 0.094 0.09 0.1 0.1];
v3_omp_yt = [10.5 5.27 2.4 2.1 2.1];
v3_omp_d10 = [0.147 0.135 0.08 0.06 0.05];
v3_omp_m13 = [3.47 1.77 0.55 0.34 0.28];
v3_omp_nc = [0.353 0.32 0.2 0.15 0.14];

%v4 Cilk times
v4_cilk_bg = [0.044 0.035 0.014 0.0095 0.0097];
v4_cilk_yt = [5.49 2.88 1.22 1.24 1.24];
v4_cilk_d10 = [0.14 0.09 0.04 0.026 0.024];
v4_cilk_m13 = [1.71 0.88 0.31 0.21 0.17];
v4_cilk_nc = [0.5 0.28 0.1 0.07 0.05];

%v4 OpenMP times
v4_omp_bg = [0.068 0.165 0.13 0.13 0.13];
v4_omp_yt = [5.95 3 0.9 0.86 0.85];
v4_omp_d10 = [0.156 0.117 0.056 0.04 0.045];
v4_omp_m13 = [1.71 0.89 0.27 0.17 0.144];
v4_omp_nc = [0.587 0.4 0.17 0.13 0.13];

%v4 PThreads times
v4_pt_bg = [0.115 0.3 0.44 0.45 0.46];
v4_pt_yt = [5.73 3 1.17 0.87 0.87];
v4_pt_d10 = [0.203 0.17 0.12 0.15 0.16];
v4_pt_m13 = [1.6 0.84 0.27 0.165 0.14];
v4_pt_nc = [0.68 0.565 0.645 0.63 0.63];
